%YAML:1.0
---
myHogDector1: !!opencv-object-detector-hog
   winSize: [ 64, 128 ]
   blockSize: [ 16, 16 ]
   blockStride: [ 8, 8 ]
   cellSize: [ 8, 8 ]
   nbins: 9
   derivAperture: 1
   winSigma: 4.
   histogramNormType: 0
   L2HysThreshold: 2.0000000000000001e-01
   gammaCorrection: 1
   nlevels: 64
   signedGradient: 0
   SVMDetector: [ 4.22232412e-03, 3.52652334e-02, 1.09557426e-02,
       2.28704177e-02, 8.35178792e-03, -8.89864843e-03, 6.85670367e-03,
       7.94788543e-03, 3.70464451e-03, 2.04639342e-02, 2.09560730e-02,
       -1.05403764e-02, -6.46725623e-03, 1.72940623e-02, -2.08595768e-02,
       8.30969494e-03, -9.32960596e-04, 1.19799906e-02, -5.81728248e-03,
       4.13850462e-03, -5.14359865e-03, 2.27721371e-02, 3.74005013e-03,
       2.87732519e-02, -5.72141027e-03, 8.22609570e-03, -6.58531487e-03,
       2.88151810e-03, -4.09745262e-05, -2.15507876e-02, 4.72744228e-03,
       -6.33387594e-03, -4.13284171e-03, -8.76836386e-03, 7.46201677e-03,
       -6.15647249e-03, 1.49901556e-02, 5.75931836e-03, -8.71018693e-03,
       8.79084319e-03, -5.67624439e-03, -1.58681087e-02, 1.15521634e-02,
       -1.85961239e-02, 7.84977805e-03, -1.88682973e-03, 6.31495612e-03,
       -6.37951586e-03, 1.66778751e-02, 1.17775397e-02, 1.45445978e-02,
       2.64166947e-03, -2.86220964e-02, -5.04081743e-03, 1.08868340e-02,
       9.23276041e-03, -8.93602613e-03, 3.15310154e-03, 2.11472227e-03,
       -1.05410069e-02, -5.74957160e-03, -1.24933943e-02, 1.17957238e-02,
       -1.24944635e-02, -1.83344167e-03, 1.80454683e-02, 2.82639405e-04,
       3.54013592e-03, 2.03604922e-02, -3.05631268e-03, -8.26421194e-04,
       6.13797083e-03, -2.14671483e-04, 7.61149172e-03, -2.82796216e-03,
       -1.41025111e-02, 1.23319700e-02, -1.36390692e-02, -1.33216754e-02,
       -1.20508224e-02, -2.25203373e-02, 3.02142301e-03, 2.57576862e-03,
       -9.12731793e-03, -2.39365231e-02, -7.70617323e-03, 7.18602492e-03,
       -1.22504486e-02, 2.92862160e-03, 7.15968339e-03, -4.86390060e-03,
       -4.90464969e-03, 1.74168474e-03, -8.88794137e-04, -4.12785448e-03,
       -1.01354355e-02, 5.31073380e-03, 1.60900354e-02, -1.30498167e-02,
       6.43702038e-03, 3.23217828e-04, 7.79130147e-04, 8.35434534e-03,
       -1.18847480e-02, 2.48558749e-03, -6.76734746e-03, 1.38117131e-02,
       -5.01431152e-03, 5.57783805e-03, 9.32144932e-03, -3.46925226e-03,
       3.46700964e-03, 1.80318684e-03, 5.45972260e-03, -6.15516584e-03,
       -3.95268388e-03, 3.69916949e-03, 1.02630584e-03, 9.81484447e-03,
       -8.22186470e-03, 2.23661475e-02, -1.01851113e-02, 6.21961476e-03,
       2.16457825e-02, 1.21061550e-03, -5.29424148e-03, 2.44761934e-03,
       -1.23267237e-03, -4.04319912e-03, 1.54786492e-02, 1.31811043e-02,
       1.88676249e-02, -6.60256576e-03, 3.73056089e-03, -1.37334364e-02,
       6.37036096e-03, 4.00696881e-03, -8.75344966e-03, 6.15591602e-03,
       9.98882391e-03, 1.90530941e-02, 1.81396063e-02, 1.93376876e-02,
       2.61260604e-04, -5.29604824e-03, 6.53395569e-03, -5.93239907e-03,
       6.75153872e-03, -1.45604452e-02, -7.94187840e-03, 4.00317134e-03,
       1.80893671e-03, 1.86279241e-03, -1.95393036e-03, -2.33040005e-03,
       -1.08895516e-02, -1.38885193e-02, 5.68268960e-03, 1.20982109e-02,
       -3.09606502e-03, 1.26627339e-02, -1.06023985e-03, -1.63579255e-03,
       9.47533734e-03, 7.47454306e-03, 1.06800580e-02, -4.16261982e-03,
       2.39753909e-03, 9.73604899e-03, -6.45367568e-03, -8.18910729e-03,
       -6.57036342e-03, -9.22087580e-03, 4.42030840e-03, 3.00339796e-03,
       7.55350245e-03, 2.45837308e-03, -1.69489868e-02, -7.84784369e-03,
       2.59256307e-02, 3.59816011e-03, 9.16561019e-03, -7.94646703e-03,
       -1.05555505e-02, 1.89496041e-03, -3.93887516e-03, 1.31687243e-03,
       1.59327276e-02, -9.15810931e-03, 1.53496442e-02, 8.47277325e-03,
       -1.48269860e-03, -3.71055321e-05, 9.99896694e-03, 4.52490384e-03,
       1.96111612e-02, 1.63209927e-03, -6.97612297e-03, -4.67106234e-03,
       -8.80130567e-04, -8.44699610e-03, -1.70167498e-02,
       -2.97351135e-03, -6.33204402e-03, -5.69927227e-03,
       -7.03611877e-03, 2.28069280e-03, 2.80925399e-03, 1.56435501e-02,
       -7.78599596e-03, -2.46693380e-03, 5.94904926e-03, 1.49790263e-02,
       9.65755340e-03, -1.27643032e-03, -1.22365635e-02, 1.00092012e-02,
       9.17094201e-03, 3.19514726e-03, 2.86954129e-03, -2.72827931e-02,
       -4.03684273e-04, -1.97402042e-04, -4.39337641e-03,
       -1.62281338e-02, -2.30499022e-02, -2.32052729e-02,
       -2.34304089e-03, 5.49029000e-03, 1.75693203e-02, -1.37246400e-02,
       9.80041572e-04, 2.43124412e-03, -6.99749077e-03, 1.01753892e-02,
       1.57762729e-02, 1.33384494e-02, 1.87008213e-02, -1.24066714e-02,
       7.52823474e-03, 4.86436905e-03, -1.21811824e-03, -1.94971031e-03,
       -1.31055359e-02, 6.44564815e-03, 8.23458191e-03, 1.41622806e-02,
       1.54027408e-02, 8.54209438e-03, 1.84565168e-02, 2.49446346e-03,
       -2.06368836e-03, -6.62142085e-03, -2.98658572e-02, 3.47242248e-03,
       -2.09415378e-03, -1.11848814e-02, -2.32906528e-02, 6.68212259e-03,
       1.44211752e-02, 1.62614789e-02, -5.27857011e-03, 2.32635438e-03,
       1.57834180e-02, 1.76950416e-03, -3.94027960e-03, -7.07759941e-03,
       8.87500402e-03, 1.00293718e-02, -7.50976941e-03, -3.92316747e-03,
       -3.66735994e-03, -1.20153232e-03, 4.03577788e-03, 1.12675391e-02,
       -8.89971294e-03, -2.28419993e-03, 1.46201076e-02, 1.52423894e-02,
       1.22429780e-03, -2.18350231e-03, 6.78091636e-03, 7.83486478e-03,
       1.88216791e-02, 9.03873239e-03, 7.69613264e-03, 5.85801015e-03,
       4.02838923e-03, 7.27661280e-03, 1.81946401e-02, 6.53141923e-03,
       5.14032552e-04, -4.35361313e-03, -4.68755513e-03, 8.24893732e-03,
       3.34001333e-03, -1.54579142e-02, 1.90694537e-03, 1.01672104e-02,
       -3.24381702e-03, -7.13534513e-03, 2.18951958e-03, 2.81071551e-02,
       2.52600003e-04, 3.65068670e-03, 1.38421385e-02, -6.56785723e-03,
       3.86538031e-03, 2.53004767e-03, 1.02636805e-02, 3.46196396e-03,
       1.07039604e-02, -2.72854278e-03, -1.42013915e-02, -3.98975564e-03,
       -7.49120675e-03, -4.80001047e-03, 8.93702637e-03, 1.71879381e-02,
       1.35612609e-02, 1.83948744e-02, -1.86181394e-04, -1.92295364e-03,
       1.01060187e-02, 6.07192190e-03, 1.49504272e-02, -6.52776053e-03,
       -1.08546270e-02, -2.33796872e-02, -1.37274815e-02,
       -3.49281803e-02, 1.09796692e-02, 1.64317079e-02, -8.52156430e-03,
       1.30710443e-02, -1.57932634e-03, -1.36731323e-02, 7.78689887e-03,
       1.13786841e-02, -1.58636260e-03, 1.19269895e-03, 1.68392749e-03,
       -3.34165758e-03, -5.49078919e-03, -8.80413316e-03, 3.92511953e-03,
       -6.43278612e-03, 1.66298430e-02, -3.88122513e-03, -5.15258219e-03,
       1.97317917e-03, -3.32678878e-03, 1.64714979e-03, -3.12100886e-03,
       1.15239061e-02, 4.56093205e-03, 1.35849118e-02, 1.21372305e-02,
       -4.61933902e-03, -2.15318729e-03, 5.96228009e-03, 1.58783924e-02,
       1.28872935e-02, -6.74917921e-03, -1.62584055e-02, 2.48711910e-02,
       1.41798388e-02, 6.69685286e-03, 2.94999988e-03, -1.19878920e-02,
       -9.03992821e-03, 3.79039557e-03, 9.60812252e-03, -7.15948129e-03,
       -8.23533628e-04, 8.26781429e-03, 3.27250827e-03, -2.32814401e-02,
       5.48383733e-03, 1.15344003e-02, 4.76116035e-03, -1.22028561e-02,
       -2.85062264e-03, 3.16692935e-03, 7.81732239e-03, 1.15269637e-02,
       4.44476539e-03, -1.66936382e-03, -8.70075915e-03, 4.62384848e-03,
       1.01060083e-03, 1.05060237e-02, 3.52668436e-03, -2.24296135e-04,
       9.00552049e-03, -1.15627358e-02, -1.24101685e-02, -2.15256284e-03,
       7.20146019e-03, -3.45989538e-04, -1.14862304e-02, -1.69902332e-02,
       1.22925884e-03, -2.08052807e-03, -1.63575988e-02, 2.59941560e-03,
       2.31723752e-04, 1.05851553e-02, 8.47310200e-03, -1.34637337e-02,
       3.38868285e-03, 2.01848689e-02, -5.50931878e-03, -1.14598370e-03,
       -1.68050062e-02, 5.77798299e-03, 7.98845664e-03, -2.06522569e-02,
