%YAML:1.0
---
myHogDector: !!opencv-object-detector-hog
   winSize: [ 64, 128 ]
   blockSize: [ 16, 16 ]
   blockStride: [ 8, 8 ]
   cellSize: [ 8, 8 ]
   nbins: 9
   derivAperture: 1
   winSigma: 4.
   histogramNormType: 0
   L2HysThreshold: 2.0000000000000001e-01
   gammaCorrection: 1
   nlevels: 64
   signedGradient: 0
   SVMDetector: [ -1.36751300e-02, 1.22405579e-02, -1.97962355e-02,
       1.53808529e-02, 4.99822339e-03, 1.80180272e-04, 2.66105160e-02,
       6.53497502e-03, -2.28350679e-03, 4.27606329e-03, -1.63162053e-02,
       -3.58731598e-02, -1.87770557e-02, -2.64764745e-02,
       -2.60287337e-02, 1.40104014e-02, -5.67825558e-03, 2.75381171e-04,
       -3.08303051e-02, -3.15408334e-02, -3.05786245e-02, 3.91465239e-03,
       8.83315504e-03, 6.15269095e-02, 5.36650270e-02, 2.01718286e-02,
       -1.92473885e-02, -2.88867094e-02, -3.87930460e-02,
       -3.52558717e-02, -7.25818425e-03, -1.80677790e-02, 1.60509609e-02,
       3.01561225e-02, 1.16251465e-02, -2.78441459e-02, -6.13240106e-03,
       -1.66987032e-02, -2.12034117e-02, -2.33356701e-03,
       -3.74749042e-02, -2.80766152e-02, 1.71940103e-02, -1.33489957e-02,
       -5.49907191e-03, -2.61419993e-02, -5.38108172e-03,
       -2.37369724e-02, 6.94138929e-03, -5.98878413e-03, 1.77840609e-02,
       1.66806318e-02, -3.98187973e-02, -2.47644279e-02, -1.77460387e-02,
       -1.86339375e-02, -1.58405844e-02, 4.51286184e-03, -1.62510760e-03,
       2.50981026e-03, 2.55696122e-02, -1.32399388e-02, -1.29004484e-02,
       -3.14172097e-02, -1.60794351e-02, 1.91224657e-03, -4.27310960e-03,
       -1.07054021e-02, 4.02089208e-02, 2.15665232e-02, -2.34584231e-03,
       -2.01097387e-03, -7.89342355e-03, -2.82877404e-03,
       -7.03231199e-03, -1.73719060e-02, 3.20052216e-03, -5.01536531e-03,
       -1.64803732e-02, -3.62426527e-02, -3.18496153e-02,
       -4.92611714e-03, -2.88530905e-02, -1.91690587e-02,
       -3.67323942e-02, 1.73622498e-03, 2.34448668e-02, -7.56909698e-03,
       -2.39479803e-02, 5.61917732e-05, -2.60226186e-02, -1.60566403e-03,
       1.17610227e-02, 8.81906319e-03, -3.03438841e-03, 1.78371761e-02,
       1.19173694e-02, 1.45363174e-02, -1.29637746e-02, -9.59356874e-03,
       -5.68000926e-03, 1.55416112e-02, 1.58482709e-03, -1.36125367e-03,
       6.71838084e-03, -1.02536660e-02, -3.83190438e-03, -1.85991395e-02,
       -1.68594392e-03, -1.09652868e-02, 7.93782622e-03, -9.98539734e-04,
       -1.35941207e-02, 6.56200666e-03, -1.15769012e-02, -3.24817188e-02,
       -6.91901427e-03, -7.06450082e-03, 1.73363537e-02, 3.34143750e-02,
       4.95774820e-02, 1.54311601e-02, -5.70080895e-03, -2.19673710e-03,
       -2.22863667e-02, -1.15394061e-02, -2.30329819e-02,
       -2.04046839e-03, 2.97430847e-02, 1.63586941e-02, 5.45476470e-03,
       1.61095466e-02, -8.97346437e-03, -1.06680114e-02, -3.22635584e-02,
       -1.59911029e-02, 9.14576650e-03, 3.43892351e-02, 3.32463533e-02,
       2.29487550e-02, 2.30684020e-02, 3.99824977e-03, -1.51190092e-03,
       -1.50504513e-02, -1.05260201e-02, 1.16084917e-02, 2.19746232e-02,
       1.51336882e-02, -2.78813168e-02, -2.04154588e-02, -1.97469164e-02,
       -1.55125326e-02, -4.54032794e-03, -8.16272758e-03, 8.12689681e-03,
       2.12420672e-02, 4.78925416e-03, 1.09978346e-02, 2.34244075e-02,
       1.47308474e-02, 2.67934659e-03, -1.98018141e-02, -1.27455955e-02,
       -1.39559654e-03, 1.06992014e-02, 1.36516700e-02, -3.12537588e-02,
       -7.92103913e-03, 1.62985176e-03, -1.58918668e-02, -1.84824243e-02,
       -6.92331418e-03, -7.72815896e-03, 2.09893845e-02, 3.26473229e-02,
       5.64421620e-03, 2.16845460e-02, 2.46906020e-02, 3.20601743e-03,
       1.70932412e-02, 1.16921542e-02, 1.11795831e-02, 1.30773606e-02,
       -3.86000797e-03, -3.89764155e-03, -9.30654071e-03, 2.74193799e-03,
       2.99389940e-03, -1.12231905e-02, 1.77834202e-02, 8.80561676e-03,
       1.34360306e-02, 1.15652597e-02, 1.29789766e-02, 7.67237600e-03,
       4.89984266e-02, 2.23225616e-02, -3.80918453e-03, -6.07308839e-03,
       4.47882514e-04, -2.67840747e-04, -2.42224559e-02, -3.50020528e-02,
       -2.68424023e-02, 4.85633005e-04, -1.89729072e-02, -5.33587113e-03,
       -8.28560069e-03, 1.83021370e-02, 1.43088382e-02, 5.08427015e-03,
       8.45536590e-03, -3.57114407e-03, 1.55683542e-02, -4.74812323e-03,
       -1.31773371e-02, -1.27545663e-03, -4.66113212e-03, 3.63788218e-04,
       -3.32338968e-03, -3.27516422e-02, 1.75374025e-03, 3.01946290e-02,
       3.12482473e-02, -2.64492109e-02, -3.45609151e-02, -5.40883020e-02,
       -1.91291813e-02, -1.93204626e-03, 6.85418118e-03, -1.81111209e-02,
       3.67038026e-02, 5.00252061e-02, -1.91063657e-02, -5.09031210e-03,
       3.28438100e-03, 2.85437219e-02, 1.75806843e-02, -1.25789866e-02,
       -1.36445286e-02, -5.04436716e-03, -4.87920782e-03,
       -1.01035815e-02, -1.32034170e-02, -2.08972413e-02, 1.72022004e-02,
       2.74196565e-02, 1.99798755e-02, -7.63476267e-03, 2.17928905e-02,
       1.95639767e-02, -5.32261329e-03, -1.64022818e-02, -5.69388084e-02,
       4.92848363e-03, 2.79239323e-02, 9.70105990e-04, -3.39903459e-02,
       3.56701240e-02, 4.75692488e-02, 1.57439373e-02, -1.23799276e-02,
       -1.77001394e-02, 1.58529375e-02, 1.19887963e-02, -1.39589515e-02,
       -1.08066062e-02, 3.72546390e-02, 2.20741928e-02, 4.32895310e-03,
       -2.51045614e-03, -2.08128653e-02, 5.21809468e-03, 2.55194083e-02,
       1.41492644e-02, -1.84576884e-02, -4.09897737e-04, 3.10450830e-02,
       1.72095764e-02, 4.05799504e-03, -9.94489994e-04, 1.29956054e-02,
       -5.10655856e-03, 1.35642160e-02, 6.86488301e-03, 2.51269005e-02,
       2.03777160e-02, 1.61975380e-02, -4.30920022e-03, 1.10007469e-02,
       7.85309914e-03, -8.61898623e-03, -1.33926226e-02, 8.19211826e-03,
       3.07284221e-02, 1.20091233e-02, -9.13222414e-03, 1.78015995e-04,
       1.41195422e-02, 1.56866647e-02, -7.92874675e-03, 3.11564258e-03,
       3.71759161e-02, -2.55558500e-03, -1.24710361e-02, 4.15971316e-03,
       -5.84958494e-03, -4.65040188e-03, 7.77335232e-03, 1.68019149e-03,
       5.97357471e-03, 6.38495293e-03, -5.54069271e-03, -1.68684106e-02,
       -3.02192336e-03, -3.59256528e-02, -5.79646602e-03, 2.56467387e-02,
       1.42125841e-02, 1.54832685e-02, 1.75176580e-02, -1.07868516e-03,
       -1.95505619e-02, -7.00553320e-03, -2.81746004e-04, 8.22649058e-03,
       -2.40432727e-03, -2.50263549e-02, -4.78115715e-02,
       -2.13687569e-02, -4.13399860e-02, -2.33074725e-02,
       -4.68286127e-03, 1.35046374e-02, 2.19630580e-02, 1.56297982e-02,
       -1.17740789e-02, -2.57361401e-02, 1.42431669e-02, -7.96937291e-03,
       -2.02038381e-02, 6.84586470e-04, -2.76886169e-02, -3.78271448e-03,
       -2.56382301e-03, -7.45624630e-03, -4.25665232e-04, 8.09393730e-03,
       -8.85658152e-03, -2.53693871e-02, -8.31114873e-03, 8.76595825e-03,
       2.64972597e-02, 1.31346546e-02, 1.90902352e-02, 8.26754514e-03,
       1.31353373e-02, -5.56047657e-04, -5.82117261e-03, -2.71283789e-04,
       1.41688986e-02, 2.59915031e-02, 3.66053507e-02, -5.32216672e-03,
       -5.23994118e-02, 1.79875977e-02, 8.07752833e-03, -8.83532874e-03,
       6.63660048e-03, -6.77397009e-03, 1.75924953e-02, 3.93863805e-02,
       1.48750897e-02, -2.43608542e-02, -1.35581652e-02, -3.50654684e-03,
       -1.80690847e-02, -2.76364796e-02, 8.87855142e-03, 3.20960060e-02,
       2.24628672e-02, -9.61838197e-03, -2.52558459e-02, -5.35247196e-03,
       5.63120656e-03, 5.71161602e-03, -1.24272634e-03, -3.09613883e-03,
       1.36799971e-02, 1.92911867e-02, -6.94841938e-03, -9.18738171e-03,
       -4.20702342e-03, 9.79422219e-03, -3.78142274e-03, -2.00004000e-02,
       -8.15534126e-03, 2.34029815e-02, 2.31848843e-02, -8.45718477e-03,
       -1.73671134e-02, -1.48991598e-02, 1.14302561e-02, -1.09328115e-02,
       -3.44574153e-02, 2.61957999e-02, 3.26323360e-02, 1.36958910e-02,
       -2.10395567e-02, -2.94280909e-02, 4.48971754e-03, 3.90264541e-02,
       1.36642093e-02, 9.58440546e-03, -2.25628484e-02, 1.28410934e-02,
